Record file Pathname: c:\Users\PRODUCTION\Desktop\mesure ballant.txt
Start acquisition date: 03-23-2020 17:46:49
Sirrah working mode: PC7V MM1 EC10 DD384 DG505 DM505
Mode diagnostique: 0
Comment:

;Status B1;Date B1;Energie B1;Pulse B1;Theta B1;Phi B1;Theta' B1;Phi' B1;;Status B2;Date B2;Energie B2;Pulse B2;Theta B2;Phi B2;Theta' B2;Phi' B2;;Status B3;Date B3;Energie B3;Pulse B3;Theta B3;Phi B3;Theta' B3;Phi' B3;
;00;349899669;197;3;0.127;-0.027;0.000;-0.001;8c;349899670;0;0;0.000;0.000;0.000;0.000;8c;349899676;0;0;0.000;0.000;0.000;0.000;
;00;349899869;197;3;0.124;-0.027;-0.003;0.000;8c;349899870;0;0;0.000;0.000;0.000;0.000;8c;349899876;0;0;0.000;0.000;0.000;0.000;
;00;349900069;197;3;0.125;-0.030;-0.004;-0.004;8c;349900070;0;0;0.000;0.000;0.000;0.000;8c;349900076;0;0;0.000;0.000;0.000;0.000;
;00;349900269;197;3;0.128;-0.027;0.003;0.003;8c;349900270;0;0;0.000;0.000;0.000;0.000;8c;349900276;0;0;0.000;0.000;0.000;0.000;
;00;349900469;197;3;0.128;-0.030;0.006;-0.006;8c;349900470;0;0;0.000;0.000;0.000;0.000;8c;349900476;0;0;0.000;0.000;0.000;0.000;
;00;349900669;197;3;0.126;-0.025;0.003;0.003;8c;349900670;0;0;0.000;0.000;0.000;0.000;8c;349900676;0;0;0.000;0.000;0.000;0.000;
;00;349900869;197;3;0.126;-0.029;-0.001;-0.001;8c;349900870;0;0;0.000;0.000;0.000;0.000;8c;349900876;0;0;0.000;0.000;0.000;0.000;
;00;349901069;197;3;0.127;-0.028;0.003;-0.001;8c;349901070;0;0;0.000;0.000;0.000;0.000;8c;349901076;0;0;0.000;0.000;0.000;0.000;
;00;349901269;197;3;0.129;-0.027;0.004;0.001;8c;349901270;0;0;0.000;0.000;0.000;0.000;8c;349901276;0;0;0.000;0.000;0.000;0.000;
;00;349901469;197;3;0.127;-0.025;0.004;-0.001;8c;349901470;0;0;0.000;0.000;0.000;0.000;8c;349901476;0;0;0.000;0.000;0.000;0.000;
;00;349901669;197;3;0.125;-0.025;-0.004;0.007;8c;349901670;0;0;0.000;0.000;0.000;0.000;8c;349901676;0;0;0.000;0.000;0.000;0.000;
;00;349901869;196;3;0.126;-0.025;0.000;0.000;8c;349901870;0;0;0.000;0.000;0.000;0.000;8c;349901876;0;0;0.000;0.000;0.000;0.000;
;00;349902069;196;3;0.128;-0.029;0.004;-0.009;8c;349902070;0;0;0.000;0.000;0.000;0.000;8c;349902076;0;0;0.000;0.000;0.000;0.000;
;00;349902289;197;3;0.124;-0.027;-0.003;0.000;8c;349902290;0;0;0.000;0.000;0.000;0.000;8c;349902296;0;0;0.000;0.000;0.000;0.000;
;00;349902489;196;3;0.125;-0.026;-0.003;0.003;8c;349902490;0;0;0.000;0.000;0.000;0.000;8c;349902496;0;0;0.000;0.000;0.000;0.000;
;00;349902689;196;3;0.126;-0.028;-0.004;0.000;8c;349902690;0;0;0.000;0.000;0.000;0.000;8c;349902696;0;0;0.000;0.000;0.000;0.000;
;00;349902889;197;3;0.124;-0.028;-0.004;0.000;8c;349902890;0;0;0.000;0.000;0.000;0.000;8c;349902896;0;0;0.000;0.000;0.000;0.000;
;00;349903089;197;3;0.126;-0.027;-0.004;0.000;8c;349903090;0;0;0.000;0.000;0.000;0.000;8c;349903096;0;0;0.000;0.000;0.000;0.000;
;00;349903289;197;3;0.126;-0.028;0.000;0.001;8c;349903290;0;0;0.000;0.000;0.000;0.000;8c;349903296;0;0;0.000;0.000;0.000;0.000;
;00;349903489;197;3;0.128;-0.027;0.001;0.003;8c;349903490;0;0;0.000;0.000;0.000;0.000;8c;349903496;0;0;0.000;0.000;0.000;0.000;
;00;349903689;197;3;0.127;-0.028;0.003;-0.004;8c;349903690;0;0;0.000;0.000;0.000;0.000;8c;349903696;0;0;0.000;0.000;0.000;0.000;
;00;349903889;197;3;0.127;-0.028;0.000;0.003;8c;349903890;0;0;0.000;0.000;0.000;0.000;8c;349903896;0;0;0.000;0.000;0.000;0.000;
;00;349904089;197;3;0.121;-0.026;-0.009;0.000;8c;349904090;0;0;0.000;0.000;0.000;0.000;8c;349904096;0;0;0.000;0.000;0.000;0.000;
;00;349904289;197;3;0.119;0.064;-0.009;0.143;8c;349904290;0;0;0.000;0.000;0.000;0.000;8c;349904296;0;0;0.000;0.000;0.000;0.000;
;00;349904489;197;3;0.120;0.243;-0.010;0.425;8c;349904490;0;0;0.000;0.000;0.000;0.000;8c;349904496;0;0;0.000;0.000;0.000;0.000;
;00;349904689;197;3;0.112;0.727;-0.025;1.179;8c;349904690;0;0;0.000;0.000;0.000;0.000;8c;349904696;0;0;0.000;0.000;0.000;0.000;
;00;349904889;197;3;0.098;1.192;-0.037;1.875;8c;349904890;0;0;0.000;0.000;0.000;0.000;8c;349904896;0;0;0.000;0.000;0.000;0.000;
;00;349905089;197;3;0.072;1.640;-0.075;2.275;8c;349905090;0;0;0.000;0.000;0.000;0.000;8c;349905096;0;0;0.000;0.000;0.000;0.000;
;00;349905289;197;3;0.065;1.974;-0.067;2.064;8c;349905290;0;0;0.000;0.000;0.000;0.000;8c;349905296;0;0;0.000;0.000;0.000;0.000;
;00;349905489;197;3;0.071;2.473;-0.048;2.148;8c;349905490;0;0;0.000;0.000;0.000;0.000;8c;349905496;0;0;0.000;0.000;0.000;0.000;
;00;349905689;197;3;0.071;2.874;-0.009;2.046;8c;349905690;0;0;0.000;0.000;0.000;0.000;8c;349905696;0;0;0.000;0.000;0.000;0.000;
;00;349905889;197;3;0.070;3.233;0.010;2.089;8c;349905890;0;0;0.000;0.000;0.000;0.000;8c;349905896;0;0;0.000;0.000;0.000;0.000;
;00;349906089;196;3;0.067;3.720;0.000;2.078;8c;349906090;0;0;0.000;0.000;0.000;0.000;8c;349906096;0;0;0.000;0.000;0.000;0.000;
;00;349906289;196;3;0.063;3.929;-0.010;1.818;8c;349906290;0;0;0.000;0.000;0.000;0.000;8c;349906296;0;0;0.000;0.000;0.000;0.000;
;00;349906489;196;3;0.064;4.123;-0.009;1.510;8c;349906490;0;0;0.000;0.000;0.000;0.000;8c;349906496;0;0;0.000;0.000;0.000;0.000;
;00;349906689;196;3;0.063;4.567;-0.007;1.412;8c;349906690;0;0;0.000;0.000;0.000;0.000;8c;349906696;0;0;0.000;0.000;0.000;0.000;
;00;349906889;196;3;0.058;4.782;-0.015;1.460;8c;349906890;0;0;0.000;0.000;0.000;0.000;8c;349906896;0;0;0.000;0.000;0.000;0.000;
;00;349907089;196;3;0.063;4.442;-0.006;0.567;8c;349907090;0;0;0.000;0.000;0.000;0.000;8c;349907096;0;0;0.000;0.000;0.000;0.000;
;00;349907289;196;3;0.068;3.899;0.003;-0.903;8c;349907290;0;0;0.000;0.000;0.000;0.000;8c;349907296;0;0;0.000;0.000;0.000;0.000;
;00;349907489;197;3;0.071;3.564;0.017;-1.895;8c;349907490;0;0;0.000;0.000;0.000;0.000;8c;349907496;0;0;0.000;0.000;0.000;0.000;
;00;349907689;197;3;0.071;3.123;0.017;-2.187;8c;349907690;0;0;0.000;0.000;0.000;0.000;8c;349907696;0;0;0.000;0.000;0.000;0.000;
;00;349907889;197;3;0.067;2.878;0.010;-1.779;8c;349907890;0;0;0.000;0.000;0.000;0.000;8c;349907896;0;0;0.000;0.000;0.000;0.000;
;00;349908089;197;3;0.067;2.620;-0.003;-1.589;8c;349908090;0;0;0.000;0.000;0.000;0.000;8c;349908096;0;0;0.000;0.000;0.000;0.000;
;00;349908289;197;3;0.063;2.267;-0.014;-1.482;8c;349908290;0;0;0.000;0.000;0.000;0.000;8c;349908296;0;0;0.000;0.000;0.000;0.000;
;00;349908489;197;3;0.060;1.909;-0.020;-1.575;8c;349908490;0;0;0.000;0.000;0.000;0.000;8c;349908496;0;0;0.000;0.000;0.000;0.000;
;00;349908689;197;3;0.079;1.599;0.007;-1.660;8c;349908690;0;0;0.000;0.000;0.000;0.000;8c;349908696;0;0;0.000;0.000;0.000;0.000;
;00;349908889;197;3;0.101;1.160;0.053;-1.875;8c;349908890;0;0;0.000;0.000;0.000;0.000;8c;349908896;0;0;0.000;0.000;0.000;0.000;
;00;349909089;197;3;0.112;0.564;0.081;-2.214;8c;349909090;0;0;0.000;0.000;0.000;0.000;8c;349909096;0;0;0.000;0.000;0.000;0.000;
;00;349909289;197;3;0.126;-0.045;0.084;-2.657;8c;349909290;0;0;0.000;0.000;0.000;0.000;8c;349909296;0;0;0.000;0.000;0.000;0.000;
;00;349909489;196;3;0.135;-0.566;0.065;-2.848;8c;349909490;0;0;0.000;0.000;0.000;0.000;8c;349909496;0;0;0.000;0.000;0.000;0.000;
;00;349909689;196;3;0.142;-0.852;0.050;-2.404;8c;349909690;0;0;0.000;0.000;0.000;0.000;8c;349909696;0;0;0.000;0.000;0.000;0.000;
;00;349909889;196;3;0.147;-1.367;0.039;-2.295;8c;349909890;0;0;0.000;0.000;0.000;0.000;8c;349909896;0;0;0.000;0.000;0.000;0.000;
;00;349910089;195;3;0.146;-1.450;0.017;-1.460;8c;349910090;0;0;0.000;0.000;0.000;0.000;8c;349910096;0;0;0.000;0.000;0.000;0.000;
;00;349910289;195;3;0.157;-1.723;0.032;-1.550;8c;349910290;0;0;0.000;0.000;0.000;0.000;8c;349910296;0;0;0.000;0.000;0.000;0.000;
;00;349910489;195;3;0.151;-1.725;-0.003;-0.560;8c;349910490;0;0;0.000;0.000;0.000;0.000;8c;349910496;0;0;0.000;0.000;0.000;0.000;
;00;349910689;195;3;0.147;-1.804;0.000;-0.659;8c;349910690;0;0;0.000;0.000;0.000;0.000;8c;349910696;0;0;0.000;0.000;0.000;0.000;
;00;349910889;194;3;0.161;-2.540;0.012;-1.264;8c;349910890;0;0;0.000;0.000;0.000;0.000;8c;349910896;0;0;0.000;0.000;0.000;0.000;
;00;349911089;194;3;0.166;-2.859;0.012;-1.765;8c;349911090;0;0;0.000;0.000;0.000;0.000;8c;349911096;0;0;0.000;0.000;0.000;0.000;
;00;349911289;193;3;0.173;-3.425;0.017;-2.651;8c;349911290;0;0;0.000;0.000;0.000;0.000;8c;349911296;0;0;0.000;0.000;0.000;0.000;
;00;349911489;192;3;0.180;-3.731;0.023;-2.035;8c;349911490;0;0;0.000;0.000;0.000;0.000;8c;349911496;0;0;0.000;0.000;0.000;0.000;
;00;349911689;191;3;0.185;-4.028;0.029;-2.023;8c;349911690;0;0;0.000;0.000;0.000;0.000;8c;349911696;0;0;0.000;0.000;0.000;0.000;
;00;349911889;190;3;0.193;-4.336;0.034;-1.585;8c;349911890;0;0;0.000;0.000;0.000;0.000;8c;349911896;0;0;0.000;0.000;0.000;0.000;
;00;349912089;190;3;0.189;-4.640;0.014;-1.454;8c;349912090;0;0;0.000;0.000;0.000;0.000;8c;349912096;0;0;0.000;0.000;0.000;0.000;
;00;349912309;190;3;0.189;-4.335;0.012;-0.539;8c;349912310;0;0;0.000;0.000;0.000;0.000;8c;349912316;0;0;0.000;0.000;0.000;0.000;
;00;349912509;191;3;0.187;-4.026;0.000;0.374;8c;349912510;0;0;0.000;0.000;0.000;0.000;8c;349912516;0;0;0.000;0.000;0.000;0.000;
;00;349912709;193;3;0.167;-3.322;-0.040;1.881;8c;349912710;0;0;0.000;0.000;0.000;0.000;8c;349912716;0;0;0.000;0.000;0.000;0.000;
;00;349912909;194;3;0.165;-2.811;-0.037;2.495;8c;349912910;0;0;0.000;0.000;0.000;0.000;8c;349912916;0;0;0.000;0.000;0.000;0.000;
;00;349913109;194;3;0.161;-2.741;-0.039;2.157;8c;349913110;0;0;0.000;0.000;0.000;0.000;8c;349913116;0;0;0.000;0.000;0.000;0.000;
;00;349913309;193;3;0.167;-2.740;-0.017;1.118;8c;349913310;0;0;0.000;0.000;0.000;0.000;8c;349913316;0;0;0.000;0.000;0.000;0.000;
;00;349913509;193;3;0.168;-2.740;0.003;0.142;8c;349913510;0;0;0.000;0.000;0.000;0.000;8c;349913516;0;0;0.000;0.000;0.000;0.000;
;00;349913709;194;3;0.170;-2.281;0.004;0.715;8c;349913710;0;0;0.000;0.000;0.000;0.000;8c;349913716;0;0;0.000;0.000;0.000;0.000;
;00;349913909;195;3;0.159;-1.892;-0.004;1.323;8c;349913910;0;0;0.000;0.000;0.000;0.000;8c;349913916;0;0;0.000;0.000;0.000;0.000;
;00;349914109;195;3;0.146;-1.449;-0.034;2.012;8c;349914110;0;0;0.000;0.000;0.000;0.000;8c;349914116;0;0;0.000;0.000;0.000;0.000;
;00;349914309;195;3;0.144;-1.376;-0.039;1.450;8c;349914310;0;0;0.000;0.000;0.000;0.000;8c;349914316;0;0;0.000;0.000;0.000;0.000;
;00;349914509;195;3;0.139;-1.231;-0.040;1.251;8c;349914510;0;0;0.000;0.000;0.000;0.000;8c;349914516;0;0;0.000;0.000;0.000;0.000;
;00;349914709;196;3;0.139;-0.800;-0.021;1.093;8c;349914710;0;0;0.000;0.000;0.000;0.000;8c;349914716;0;0;0.000;0.000;0.000;0.000;
;00;349914909;196;3;0.134;-0.534;-0.018;1.315;8c;349914910;0;0;0.000;0.000;0.000;0.000;8c;349914916;0;0;0.000;0.000;0.000;0.000;
;00;349915109;196;3;0.124;-0.532;-0.035;1.318;8c;349915110;0;0;0.000;0.000;0.000;0.000;8c;349915116;0;0;0.000;0.000;0.000;0.000;
;00;349915309;197;3;0.127;-0.140;-0.006;1.243;8c;349915310;0;0;0.000;0.000;0.000;0.000;8c;349915316;0;0;0.000;0.000;0.000;0.000;
;00;349915509;197;3;0.128;0.204;-0.012;1.156;8c;349915510;0;0;0.000;0.000;0.000;0.000;8c;349915516;0;0;0.000;0.000;0.000;0.000;
;00;349915709;197;3;0.112;0.520;-0.078;1.642;8c;349915710;0;0;0.000;0.000;0.000;0.000;8c;349915716;0;0;0.000;0.000;0.000;0.000;
;00;349915909;197;3;0.102;0.847;-0.035;1.595;8c;349915910;0;0;0.000;0.000;0.000;0.000;8c;349915916;0;0;0.000;0.000;0.000;0.000;
;00;349916109;197;3;0.099;1.196;-0.023;1.715;8c;349916110;0;0;0.000;0.000;0.000;0.000;8c;349916116;0;0;0.000;0.000;0.000;0.000;
;00;349916309;197;3;0.083;1.529;-0.050;1.709;8c;349916310;0;0;0.000;0.000;0.000;0.000;8c;349916316;0;0;0.000;0.000;0.000;0.000;
;00;349916509;197;3;0.064;1.905;-0.076;1.748;8c;349916510;0;0;0.000;0.000;0.000;0.000;8c;349916516;0;0;0.000;0.000;0.000;0.000;
;00;349916709;197;3;0.065;2.235;-0.048;1.723;8c;349916710;0;0;0.000;0.000;0.000;0.000;8c;349916716;0;0;0.000;0.000;0.000;0.000;
;00;349916909;197;3;0.066;2.485;-0.031;1.618;8c;349916910;0;0;0.000;0.000;0.000;0.000;8c;349916916;0;0;0.000;0.000;0.000;0.000;
;00;349917109;197;3;0.071;2.468;0.015;0.996;8c;349917111;0;0;0.000;0.000;0.000;0.000;8c;349917116;0;0;0.000;0.000;0.000;0.000;
;00;349917309;197;3;0.064;2.129;0.000;0.017;8c;349917311;0;0;0.000;0.000;0.000;0.000;8c;349917316;0;0;0.000;0.000;0.000;0.000;
;00;349917509;198;3;0.065;1.813;0.001;-1.023;8c;349917511;0;0;0.000;0.000;0.000;0.000;8c;349917516;0;0;0.000;0.000;0.000;0.000;
;00;349917709;197;3;0.085;1.487;0.028;-1.600;8c;349917711;0;0;0.000;0.000;0.000;0.000;8c;349917716;0;0;0.000;0.000;0.000;0.000;
;00;349917909;197;3;0.099;1.146;0.060;-1.537;8c;349917911;0;0;0.000;0.000;0.000;0.000;8c;349917916;0;0;0.000;0.000;0.000;0.000;
;00;349918109;197;3;0.106;0.778;0.073;-1.703;8c;349918111;0;0;0.000;0.000;0.000;0.000;8c;349918116;0;0;0.000;0.000;0.000;0.000;
;00;349918309;197;3;0.112;0.310;0.048;-1.939;8c;349918311;0;0;0.000;0.000;0.000;0.000;8c;349918316;0;0;0.000;0.000;0.000;0.000;
;00;349918509;197;3;0.126;-0.032;0.039;-1.965;8c;349918511;0;0;0.000;0.000;0.000;0.000;8c;349918516;0;0;0.000;0.000;0.000;0.000;
;00;349918709;196;3;0.132;-0.432;0.040;-2.042;8c;349918711;0;0;0.000;0.000;0.000;0.000;8c;349918716;0;0;0.000;0.000;0.000;0.000;
;00;349918909;196;3;0.135;-0.726;0.026;-1.679;8c;349918911;0;0;0.000;0.000;0.000;0.000;8c;349918916;0;0;0.000;0.000;0.000;0.000;
;00;349919109;196;3;0.141;-1.019;0.034;-1.682;8c;349919111;0;0;0.000;0.000;0.000;0.000;8c;349919116;0;0;0.000;0.000;0.000;0.000;
;00;349919309;196;3;0.145;-1.245;0.018;-1.359;8c;349919311;0;0;0.000;0.000;0.000;0.000;8c;349919316;0;0;0.000;0.000;0.000;0.000;
;00;349919509;196;3;0.152;-1.518;0.018;-1.304;8c;349919511;0;0;0.000;0.000;0.000;0.000;8c;349919516;0;0;0.000;0.000;0.000;0.000;
;00;349919709;196;3;0.156;-1.686;0.017;-1.082;8c;349919711;0;0;0.000;0.000;0.000;0.000;8c;349919716;0;0;0.000;0.000;0.000;0.000;
;00;349919909;196;3;0.155;-1.575;0.010;-0.534;8c;349919911;0;0;0.000;0.000;0.000;0.000;8c;349919916;0;0;0.000;0.000;0.000;0.000;
;00;349920109;196;3;0.149;-1.327;-0.009;0.198;8c;349920111;0;0;0.000;0.000;0.000;0.000;8c;349920116;0;0;0.000;0.000;0.000;0.000;
;00;349920309;196;3;0.144;-1.095;-0.018;0.914;8c;349920311;0;0;0.000;0.000;0.000;0.000;8c;349920316;0;0;0.000;0.000;0.000;0.000;
;00;349920509;196;3;0.138;-0.720;-0.028;1.501;8c;349920511;0;0;0.000;0.000;0.000;0.000;8c;349920516;0;0;0.000;0.000;0.000;0.000;
;00;349920709;196;3;0.133;-0.436;-0.023;1.412;8c;349920711;0;0;0.000;0.000;0.000;0.000;8c;349920716;0;0;0.000;0.000;0.000;0.000;
;00;349920909;197;3;0.127;-0.149;-0.021;1.560;8c;349920911;0;0;0.000;0.000;0.000;0.000;8c;349920916;0;0;0.000;0.000;0.000;0.000;
;00;349921109;197;3;0.118;0.115;-0.029;1.351;8c;349921111;0;0;0.000;0.000;0.000;0.000;8c;349921116;0;0;0.000;0.000;0.000;0.000;
;00;349921309;197;3;0.114;0.402;-0.028;1.403;8c;349921311;0;0;0.000;0.000;0.000;0.000;8c;349921316;0;0;0.000;0.000;0.000;0.000;
;00;349921509;197;3;0.109;0.591;-0.029;1.214;8c;349921511;0;0;0.000;0.000;0.000;0.000;8c;349921516;0;0;0.000;0.000;0.000;0.000;
;00;349921709;198;3;0.105;0.907;-0.026;1.306;8c;349921711;0;0;0.000;0.000;0.000;0.000;8c;349921716;0;0;0.000;0.000;0.000;0.000;
;00;349921909;197;3;0.096;1.108;-0.028;1.134;8c;349921911;0;0;0.000;0.000;0.000;0.000;8c;349921916;0;0;0.000;0.000;0.000;0.000;
;00;349922109;197;3;0.094;1.284;-0.021;1.125;8c;349922111;0;0;0.000;0.000;0.000;0.000;8c;349922116;0;0;0.000;0.000;0.000;0.000;
;00;349922309;197;3;0.093;1.286;-0.017;0.606;8c;349922311;0;0;0.000;0.000;0.000;0.000;8c;349922316;0;0;0.000;0.000;0.000;0.000;
;00;349922509;197;3;0.101;1.141;-0.003;0.110;8c;349922511;0;0;0.000;0.000;0.000;0.000;8c;349922516;0;0;0.000;0.000;0.000;0.000;
;00;349922709;197;3;0.111;0.828;0.029;-0.712;8c;349922711;0;0;0.000;0.000;0.000;0.000;8c;349922716;0;0;0.000;0.000;0.000;0.000;
;00;349922909;197;3;0.112;0.583;0.031;-1.095;8c;349922911;0;0;0.000;0.000;0.000;0.000;8c;349922916;0;0;0.000;0.000;0.000;0.000;
;00;349923109;197;3;0.113;0.439;0.023;-1.118;8c;349923111;0;0;0.000;0.000;0.000;0.000;8c;349923116;0;0;0.000;0.000;0.000;0.000;
;00;349923309;197;3;0.120;0.230;0.018;-1.067;8c;349923311;0;0;0.000;0.000;0.000;0.000;8c;349923316;0;0;0.000;0.000;0.000;0.000;
;00;349923509;197;3;0.126;0.004;0.020;-0.967;8c;349923511;0;0;0.000;0.000;0.000;0.000;8c;349923516;0;0;0.000;0.000;0.000;0.000;
;00;349923709;197;3;0.129;-0.182;0.014;-1.009;8c;349923711;0;0;0.000;0.000;0.000;0.000;8c;349923716;0;0;0.000;0.000;0.000;0.000;
;00;349923909;197;3;0.129;-0.295;0.015;-0.890;8c;349923911;0;0;0.000;0.000;0.000;0.000;8c;349923916;0;0;0.000;0.000;0.000;0.000;
;00;349924109;197;3;0.135;-0.506;0.018;-0.864;8c;349924111;0;0;0.000;0.000;0.000;0.000;8c;349924116;0;0;0.000;0.000;0.000;0.000;
;00;349924309;197;3;0.134;-0.614;0.009;-0.698;8c;349924311;0;0;0.000;0.000;0.000;0.000;8c;349924316;0;0;0.000;0.000;0.000;0.000;
;00;349924509;196;3;0.133;-0.617;0.006;-0.503;8c;349924511;0;0;0.000;0.000;0.000;0.000;8c;349924516;0;0;0.000;0.000;0.000;0.000;
;00;349924709;197;3;0.128;-0.375;-0.012;0.082;8c;349924711;0;0;0.000;0.000;0.000;0.000;8c;349924716;0;0;0.000;0.000;0.000;0.000;
;00;349924909;197;3;0.127;-0.155;-0.012;0.714;8c;349924911;0;0;0.000;0.000;0.000;0.000;8c;349924916;0;0;0.000;0.000;0.000;0.000;
;00;349925109;197;3;0.125;0.044;-0.014;1.031;8c;349925111;0;0;0.000;0.000;0.000;0.000;8c;349925116;0;0;0.000;0.000;0.000;0.000;
;00;349925309;197;3;0.116;0.295;-0.026;1.117;8c;349925311;0;0;0.000;0.000;0.000;0.000;8c;349925316;0;0;0.000;0.000;0.000;0.000;
;00;349925509;197;3;0.111;0.425;-0.021;0.965;8c;349925511;0;0;0.000;0.000;0.000;0.000;8c;349925516;0;0;0.000;0.000;0.000;0.000;
;00;349925709;197;3;0.114;0.493;-0.010;0.748;8c;349925711;0;0;0.000;0.000;0.000;0.000;8c;349925716;0;0;0.000;0.000;0.000;0.000;
;00;349925909;197;3;0.114;0.489;-0.003;0.390;8c;349925911;0;0;0.000;0.000;0.000;0.000;8c;349925916;0;0;0.000;0.000;0.000;0.000;
;00;349926109;197;3;0.117;0.353;0.000;-0.114;8c;349926111;0;0;0.000;0.000;0.000;0.000;8c;349926116;0;0;0.000;0.000;0.000;0.000;
;00;349926309;197;3;0.119;0.233;0.014;-0.400;8c;349926311;0;0;0.000;0.000;0.000;0.000;8c;349926316;0;0;0.000;0.000;0.000;0.000;
;00;349926509;197;3;0.125;0.080;0.017;-0.646;8c;349926511;0;0;0.000;0.000;0.000;0.000;8c;349926516;0;0;0.000;0.000;0.000;0.000;
;00;349926709;197;3;0.127;-0.073;0.023;-0.773;8c;349926711;0;0;0.000;0.000;0.000;0.000;8c;349926716;0;0;0.000;0.000;0.000;0.000;
;00;349926909;196;3;0.124;-0.168;0.010;-0.665;8c;349926911;0;0;0.000;0.000;0.000;0.000;8c;349926916;0;0;0.000;0.000;0.000;0.000;
;00;349927109;196;3;0.126;-0.264;0.006;-0.545;8c;349927111;0;0;0.000;0.000;0.000;0.000;8c;349927116;0;0;0.000;0.000;0.000;0.000;
;00;349927309;196;3;0.130;-0.262;0.007;-0.304;8c;349927311;0;0;0.000;0.000;0.000;0.000;8c;349927316;0;0;0.000;0.000;0.000;0.000;
;00;349927509;197;3;0.129;-0.290;0.001;-0.292;8c;349927511;0;0;0.000;0.000;0.000;0.000;8c;349927516;0;0;0.000;0.000;0.000;0.000;
;00;349927709;197;3;0.130;-0.360;-0.004;-0.151;8c;349927711;0;0;0.000;0.000;0.000;0.000;8c;349927716;0;0;0.000;0.000;0.000;0.000;
;00;349927909;197;3;0.132;-0.453;0.000;-0.296;8c;349927911;0;0;0.000;0.000;0.000;0.000;8c;349927916;0;0;0.000;0.000;0.000;0.000;
;00;349928109;197;3;0.128;-0.269;-0.004;0.034;8c;349928111;0;0;0.000;0.000;0.000;0.000;8c;349928116;0;0;0.000;0.000;0.000;0.000;
;00;349928309;197;3;0.128;-0.201;-0.003;0.175;8c;349928311;0;0;0.000;0.000;0.000;0.000;8c;349928316;0;0;0.000;0.000;0.000;0.000;
;00;349928509;197;3;0.123;-0.127;-0.014;0.514;8c;349928511;0;0;0.000;0.000;0.000;0.000;8c;349928516;0;0;0.000;0.000;0.000;0.000;
;00;349928709;197;3;0.125;-0.101;-0.004;0.298;8c;349928711;0;0;0.000;0.000;0.000;0.000;8c;349928716;0;0;0.000;0.000;0.000;0.000;
;00;349928909;197;3;0.127;-0.041;0.000;0.257;8c;349928911;0;0;0.000;0.000;0.000;0.000;8c;349928916;0;0;0.000;0.000;0.000;0.000;
;00;349929109;197;3;0.128;-0.032;0.003;0.150;8c;349929111;0;0;0.000;0.000;0.000;0.000;8c;349929116;0;0;0.000;0.000;0.000;0.000;
;00;349929309;197;3;0.123;-0.027;-0.001;0.115;8c;349929311;0;0;0.000;0.000;0.000;0.000;8c;349929316;0;0;0.000;0.000;0.000;0.000;
;00;349929509;197;3;0.121;-0.017;-0.001;0.031;8c;349929511;0;0;0.000;0.000;0.000;0.000;8c;349929516;0;0;0.000;0.000;0.000;0.000;
;00;349929709;197;3;0.124;-0.017;0.003;0.023;8c;349929711;0;0;0.000;0.000;0.000;0.000;8c;349929716;0;0;0.000;0.000;0.000;0.000;
;00;349929909;197;3;0.125;-0.016;-0.001;0.021;8c;349929911;0;0;0.000;0.000;0.000;0.000;8c;349929916;0;0;0.000;0.000;0.000;0.000;
;00;349930109;197;3;0.124;-0.016;-0.003;0.003;8c;349930111;0;0;0.000;0.000;0.000;0.000;8c;349930116;0;0;0.000;0.000;0.000;0.000;
;00;349930309;197;3;0.123;-0.016;-0.001;0.000;8c;349930311;0;0;0.000;0.000;0.000;0.000;8c;349930316;0;0;0.000;0.000;0.000;0.000;
;00;349930509;197;3;0.126;-0.015;0.004;0.003;8c;349930511;0;0;0.000;0.000;0.000;0.000;8c;349930516;0;0;0.000;0.000;0.000;0.000;
;00;349930709;197;3;0.123;-0.016;-0.004;-0.001;8c;349930711;0;0;0.000;0.000;0.000;0.000;8c;349930716;0;0;0.000;0.000;0.000;0.000;
;00;349930909;197;3;0.123;-0.015;0.001;0.000;8c;349930911;0;0;0.000;0.000;0.000;0.000;8c;349930916;0;0;0.000;0.000;0.000;0.000;
;00;349931109;197;3;0.126;-0.014;0.004;0.004;8c;349931111;0;0;0.000;0.000;0.000;0.000;8c;349931116;0;0;0.000;0.000;0.000;0.000;
;00;349931309;196;3;0.122;-0.017;-0.009;-0.004;8c;349931311;0;0;0.000;0.000;0.000;0.000;8c;349931316;0;0;0.000;0.000;0.000;0.000;
;00;349931509;197;3;0.127;-0.016;0.001;-0.003;8c;349931511;0;0;0.000;0.000;0.000;0.000;8c;349931516;0;0;0.000;0.000;0.000;0.000;
;00;349931709;197;3;0.126;-0.016;-0.003;0.000;8c;349931711;0;0;0.000;0.000;0.000;0.000;8c;349931716;0;0;0.000;0.000;0.000;0.000;
;00;349931909;197;3;0.125;-0.015;0.003;0.003;8c;349931911;0;0;0.000;0.000;0.000;0.000;8c;349931916;0;0;0.000;0.000;0.000;0.000;
;00;349932109;197;3;0.126;-0.014;0.001;0.003;8c;349932111;0;0;0.000;0.000;0.000;0.000;8c;349932116;0;0;0.000;0.000;0.000;0.000;
;00;349932309;197;3;0.125;-0.016;0.001;0.000;8c;349932311;0;0;0.000;0.000;0.000;0.000;8c;349932316;0;0;0.000;0.000;0.000;0.000;
;00;349932509;197;3;0.122;-0.017;-0.001;-0.003;8c;349932511;0;0;0.000;0.000;0.000;0.000;8c;349932516;0;0;0.000;0.000;0.000;0.000;
;00;349932709;197;3;0.124;-0.015;-0.006;-0.003;8c;349932711;0;0;0.000;0.000;0.000;0.000;8c;349932716;0;0;0.000;0.000;0.000;0.000;
;00;349932909;197;3;0.124;-0.015;-0.001;0.001;8c;349932911;0;0;0.000;0.000;0.000;0.000;8c;349932916;0;0;0.000;0.000;0.000;0.000;
;00;349933109;197;3;0.125;-0.016;0.000;0.001;8c;349933111;0;0;0.000;0.000;0.000;0.000;8c;349933116;0;0;0.000;0.000;0.000;0.000;
;00;349933309;197;3;0.124;-0.019;-0.001;-0.006;8c;349933311;0;0;0.000;0.000;0.000;0.000;8c;349933316;0;0;0.000;0.000;0.000;0.000;
;00;349933509;197;3;0.124;-0.013;0.001;0.007;8c;349933511;0;0;0.000;0.000;0.000;0.000;8c;349933516;0;0;0.000;0.000;0.000;0.000;
;00;349933709;197;3;0.124;-0.016;-0.003;0.000;8c;349933711;0;0;0.000;0.000;0.000;0.000;8c;349933716;0;0;0.000;0.000;0.000;0.000;
;00;349933909;197;3;0.124;-0.016;-0.004;-0.001;8c;349933911;0;0;0.000;0.000;0.000;0.000;8c;349933916;0;0;0.000;0.000;0.000;0.000;
;00;349934109;197;3;0.123;-0.013;0.001;0.003;8c;349934111;0;0;0.000;0.000;0.000;0.000;8c;349934116;0;0;0.000;0.000;0.000;0.000;
;00;349934309;197;3;0.125;-0.016;0.003;-0.003;8c;349934311;0;0;0.000;0.000;0.000;0.000;8c;349934316;0;0;0.000;0.000;0.000;0.000;
;00;349934509;197;3;0.124;-0.016;-0.003;-0.001;8c;349934511;0;0;0.000;0.000;0.000;0.000;8c;349934516;0;0;0.000;0.000;0.000;0.000;
;00;349934709;196;3;0.122;-0.014;-0.001;-0.001;8c;349934711;0;0;0.000;0.000;0.000;0.000;8c;349934716;0;0;0.000;0.000;0.000;0.000;
;00;349934909;197;3;0.125;-0.013;0.004;0.000;8c;349934911;0;0;0.000;0.000;0.000;0.000;8c;349934916;0;0;0.000;0.000;0.000;0.000;
;00;349935109;197;3;0.124;-0.014;0.000;0.003;8c;349935111;0;0;0.000;0.000;0.000;0.000;8c;349935116;0;0;0.000;0.000;0.000;0.000;

Stop acquisition date: 03-23-2020 17:47:24
